{
 "cells": [
  {
   "cell_type": "markdown",
   "id": "098aef96",
   "metadata": {},
   "source": [
    "# This Notebook builds different statistical tools for helping an Analyst"
   ]
  },
  {
   "cell_type": "markdown",
   "id": "354a0444",
   "metadata": {},
   "source": [
    "### Section deals with Matrix manipulations "
   ]
  },
  {
   "cell_type": "code",
   "execution_count": 1,
   "id": "cf328669",
   "metadata": {},
   "outputs": [
    {
     "name": "stdout",
     "output_type": "stream",
     "text": [
      "[[1 0]\n",
      " [1 1]\n",
      " [0 1]]\n"
     ]
    }
   ],
   "source": [
    "# Generate matrix transpose\n",
    "import numpy as np\n",
    "\n",
    "array = np.array([[1,1,0],[0,1,1]])\n",
    "\n",
    "print(array.transpose())"
   ]
  },
  {
   "cell_type": "code",
   "execution_count": 2,
   "id": "ad53db79",
   "metadata": {},
   "outputs": [
    {
     "name": "stdout",
     "output_type": "stream",
     "text": [
      "[[-2 14  2]\n",
      " [ 8 19 -2]\n",
      " [20 10  1]]\n"
     ]
    }
   ],
   "source": [
    "array = np.array([[-2,8,20],[14,19,10],[2,-2,1]])\n",
    "\n",
    "print(array.transpose())"
   ]
  },
  {
   "cell_type": "code",
   "execution_count": null,
   "id": "4a914c5a",
   "metadata": {},
   "outputs": [
    {
     "name": "stdout",
     "output_type": "stream",
     "text": [
      "[[1 1 0]\n",
      " [1 2 1]\n",
      " [0 1 1]]\n",
      "[[2 1]\n",
      " [1 2]]\n"
     ]
    }
   ],
   "source": [
    "# Matrix multiplication\n",
    "array = np.array([[1,1,0],[0,1,1]])\n",
    "\n",
    "print(np.matmul(array.transpose(), array))\n",
    "print(np.matmul(array, array.transpose()))"
   ]
  },
  {
   "cell_type": "code",
   "execution_count": 6,
   "id": "90b37010",
   "metadata": {},
   "outputs": [
    {
     "name": "stdout",
     "output_type": "stream",
     "text": [
      "[[468 324   0]\n",
      " [324 657   0]\n",
      " [  0   0   9]]\n",
      "[[204 246 102]\n",
      " [246 429 348]\n",
      " [102 348 501]]\n"
     ]
    }
   ],
   "source": [
    "array = np.array([[-2,14,2],[8,19,-2],[20,10,1]])\n",
    "\n",
    "print(np.matmul(array.transpose(), array))\n",
    "print(np.matmul(array, array.transpose()))"
   ]
  },
  {
   "cell_type": "markdown",
   "id": "36ab9d99",
   "metadata": {},
   "source": [
    "### This section tool takes care of SVD related mathematical operations"
   ]
  },
  {
   "cell_type": "code",
   "execution_count": null,
   "id": "eff8767e",
   "metadata": {},
   "outputs": [],
   "source": [
    "# Load required libraries\n",
    "from matplotlib.image import imread\n",
    "import matplotlib.pyplot as plt\n",
    "import numpy as np"
   ]
  },
  {
   "cell_type": "code",
   "execution_count": null,
   "id": "fec4bc78",
   "metadata": {},
   "outputs": [
    {
     "name": "stdout",
     "output_type": "stream",
     "text": [
      "[[-0.78867513  0.57735027  0.21132487]\n",
      " [-0.57735027 -0.57735027 -0.57735027]\n",
      " [-0.21132487 -0.57735027  0.78867513]]\n",
      "[[4.73205081 0.         0.        ]\n",
      " [0.         3.         0.        ]\n",
      " [0.         0.         1.26794919]]\n",
      "[[-0.78867513 -0.57735027 -0.21132487]\n",
      " [ 0.57735027 -0.57735027 -0.57735027]\n",
      " [ 0.21132487 -0.57735027  0.78867513]]\n"
     ]
    }
   ],
   "source": [
    "array = np.array([[4,1,0],[1,3,1],[0,1,2]])\n",
    "\n",
    "U, S, VT = np.linalg.svd(array, full_matrices=False)\n",
    "\n",
    "print(U)\n",
    "\n",
    "print(np.diag(S))\n",
    "\n",
    "print(VT)\n"
   ]
  }
 ],
 "metadata": {
  "kernelspec": {
   "display_name": ".venv",
   "language": "python",
   "name": "python3"
  },
  "language_info": {
   "codemirror_mode": {
    "name": "ipython",
    "version": 3
   },
   "file_extension": ".py",
   "mimetype": "text/x-python",
   "name": "python",
   "nbconvert_exporter": "python",
   "pygments_lexer": "ipython3",
   "version": "3.11.4"
  }
 },
 "nbformat": 4,
 "nbformat_minor": 5
}
